1 0 
0.99995 -0.00999975 
0.99980001 -0.0199985 
0.99955004 -0.02999525 
0.99920012 -0.039989001 
0.99875028 -0.049978753 
0.99820057 -0.059963507 
0.99755104 -0.069942265 
0.99680176 -0.079914029 
0.9959528 -0.089877802 
0.99500425 -0.099832587 
0.9939562 -0.10977739 
0.99280876 -0.11971121 
0.99156203 -0.12963307 
0.99021616 -0.13954196 
0.98877126 -0.1494369 
0.9872275 -0.15931689 
0.98558501 -0.16918095 
0.98384396 -0.1790281 
0.98200453 -0.18885734 
0.98006691 -0.1986677 
0.97803128 -0.20845819 
0.97589785 -0.21822783 
0.97366683 -0.22797566 
0.97133845 -0.23770068 
0.96891294 -0.24740194 
0.96639054 -0.25707846 
0.9637715 -0.26672927 
0.96105608 -0.27635341 
0.95824457 -0.28594991 
0.95533723 -0.29551782 
0.95233436 -0.30505618 
0.94923626 -0.31456403 
0.94604323 -0.32404043 
0.94275561 -0.33348442 
0.93937371 -0.34289507 
0.93589788 -0.35227143 
0.93232846 -0.36161256 
0.92866581 -0.37091753 
0.9249103 -0.38018541 
0.92106229 -0.38941527 
0.91712218 -0.39860619 
0.91309037 -0.40775726 
0.90896724 -0.41686755 
0.90475322 -0.42593615 
0.90044873 -0.43496216 
0.8960542 -0.44394467 
0.89157006 -0.45288279 
0.88699677 -0.46177563 
0.88233478 -0.47062229 
0.87758456 -0.47942188 
0.87274658 -0.48817354 
0.86782133 -0.49687638 
0.8628093 -0.50552953 
0.85771099 -0.51413213 
0.85252692 -0.52268332 
0.84725759 -0.53118224 
0.84190354 -0.53962805 
0.8364653 -0.54801989 
0.83094341 -0.55635694 
0.82533844 -0.56463835 
0.81965093 -0.57286329 
0.81388146 -0.58103096 
0.8080306 -0.58914052 
0.80209894 -0.59719116 
0.79608708 -0.60518209 
0.7899956 -0.61311251 
0.78382513 -0.62098161 
0.77757628 -0.62878862 
0.77124968 -0.63653275 
0.76484595 -0.64421323 
0.75836573 -0.65182928 
0.75180969 -0.65938016 
0.74517846 -0.6668651 
0.73847272 -0.67428336 
0.73169313 -0.68163419 
0.72484037 -0.68891685 
0.71791514 -0.69613063 
0.71091811 -0.7032748 
0.70384999 -0.71034864 
0.69671149 -0.71735145 
0.68950332 -0.72428252 
0.6822262 -0.73114117 
0.67488086 -0.7379267 
0.66746804 -0.74463845 
0.65998847 -0.75127573 
0.6524429 -0.75783789 
0.64483209 -0.76432426 
0.6371568 -0.77073421 
0.62941779 -0.77706708 
0.62161584 -0.78332225 
0.61375174 -0.78949909 
0.60582626 -0.79559698 
0.59784019 -0.80161531 
0.58979435 -0.80755348 
0.58168953 -0.8134109 
0.57352654 -0.81918698 
0.5653062 -0.82488114 
0.55702933 -0.83049282 
0.54869676 -0.83602145 
