100
1 0 
0.99995 -0.0099998333 
0.99980001 -0.019998667 
0.99955003 -0.0299955 
-2014.5805 -57564.514 
-7.5985151e+09 2.6594141e+08 
3.5104819e+13 1.003004e+15 
1.3239652e+20 -4.633909e+18 
-6.1168562e+23 -1.7476341e+25 
-2.3068769e+30 8.0743773e+28 
1.0658346e+34 3.0450775e+35 
4.0195022e+40 -1.4069238e+39 
-1.8571686e+44 -5.3057428e+45 
-7.0035803e+50 2.4515012e+49 
3.2360325e+54 9.2447259e+55 
1.2203038e+61 -4.2716301e+59 
-5.6386405e+64 -1.610801e+66 
-2.1262572e+71 7.4431227e+69 
9.8250765e+74 2.8066595e+76 
3.7047905e+81 -1.2969305e+80 
-1.7119752e+85 -4.8903233e+86 
-6.4552267e+91 2.2598429e+90 
2.9830395e+95 8.520899e+96 
1.1247587e+102 -3.9376741e+100 
-5.1978117e+105 -1.4846814e+107 
-1.9597794e+112 6.8612194e+110 
9.0569521e+115 2.5869088e+117 
3.4147195e+122 -1.1955365e+121 
-1.578133e+126 -4.5074296e+127 
-5.949807e+132 2.0831683e+131 
2.7498255e+136 7.8537451e+137 
1.0366943e+143 -3.6298268e+141 
-4.7914467e+146 -1.3684365e+148 
-1.8063361e+153 6.3248092e+151 
8.3488795e+156 2.3843637e+158 
3.14736e+163 -1.1020694e+162 
-1.4547545e+167 -4.1545151e+168 
-5.4839598e+173 1.9203062e+172 
2.5348441e+177 7.2388268e+178 
9.5552512e+183 -3.3460468e+182 
-4.4168513e+187 -1.2612931e+189 
-1.6649069e+194 5.8303355e+192 
7.6961639e+197 2.1976771e+199 
2.9009337e+204 -1.0159096e+203 
-1.3410218e+208 -3.8292324e+209 
-5.0545866e+214 1.7701766e+213 
2.3366699e+218 6.6720542e+219 
8.8071114e+224 -3.0844528e+223 
-4.0715417e+228 -1.1625387e+230 
-1.534551e+235 5.3745196e+233 
7.0944775e+238 2.0256073e+240 
2.6738016e+245 -9.3648577e+243 
-1.2361807e+249 -3.5294181e+250 
-4.6588318e+255 1.6317841e+254 
2.1539889e+259 6.1496578e+260 
8.1175481e+265 -2.8433101e+264 
-3.7532284e+269 -1.0715163e+271 
-1.4144015e+276 4.9543394e+274 
6.5398309e+279 1.86701e+281 
2.4644531e+286 -8.6327126e+284 
-1.139536e+290 -3.2530781e+291 
-4.294063e+296 1.5042112e+295 
1.98559e+300 5.668163e+301 
7.481975e+306 -2.62102e+305 
-inf -inf 
-inf nan 
nan nan 
nan nan 
nan nan 
nan nan 
nan nan 
nan nan 
nan nan 
nan nan 
nan nan 
nan nan 
nan nan 
nan nan 
nan nan 
nan nan 
nan nan 
nan nan 
nan nan 
nan nan 
nan nan 
nan nan 
nan nan 
nan nan 
nan nan 
nan nan 
nan nan 
nan nan 
nan nan 
nan nan 
nan nan 
nan nan 
nan nan 
nan nan 
nan nan 
nan nan 
