100
1 0 
0.50817192 -0.59009524 
-0.089987656 -0.59976444 
-0.39967991 -0.25168868 
-0.3516502 0.10796666 
-0.11498937 0.26239789 
0.096420076 0.20121188 
0.16774811 0.04535159 
0.11201385 -0.075951272 
0.012101381 -0.10470469 
-0.055643034 -0.060352371 
-0.063895394 0.0021676327 
-0.031192171 0.038810339 
0.0070527031 0.03813178 
0.026088162 0.015216195 
0.022237968 -0.0076634719 
0.0067785575 -0.017018598 
-0.0065989218 -0.012649256 
-0.010818685 -0.0025338646 
-0.0069934157 0.005097096 
-0.00054590871 0.0067175892 
0.0036870499 0.0037360324 
0.0040786182 -0.00027732441 
0.0019090736 -0.0025479887 
-0.00053354614 -0.0024215459 
-0.0017002554 -0.00091574199 
-0.0014045021 0.00053805237 
-0.00039622428 0.001102323 
0.00044919137 0.00079403419 
0.00069688793 0.00013842902 
0.00043585198 -0.00034092894 
2.0294579e-05 -0.00043048309 
-0.00024374196 -0.00023074722 
-0.00026004755 2.6582729e-05 
-0.00011646715 0.00016697994 
3.9357316e-05 0.00015359337 
0.00011064652 5.4828378e-05 
8.8587933e-05 -3.7435985e-05 
2.292673e-05 -7.1306247e-05 
-3.0431086e-05 -4.976813e-05 
-4.4836334e-05 -7.3326717e-06 
-2.7113156e-05 2.2734347e-05 
-3.6182581e-07 2.7554728e-05 
1.6077928e-05 1.4216759e-05 
1.6560968e-05 -2.2637025e-06 
7.0802744e-06 -1.0924092e-05 
-2.848833e-06 -9.7301105e-06 
-7.1901278e-06 -3.2635319e-06 
-5.5800182e-06 2.5848379e-06 
-1.3102689e-06 4.6067316e-06 
2.0528524e-06 3.1143994e-06 
2.8812591e-06 3.7120812e-07 
1.6833201e-06 -1.5117684e-06 
-3.6733436e-08 -1.7617105e-06 
-1.0583658e-06 -8.7361678e-07 
-1.0534352e-06 1.8064014e-07 
-4.2874501e-07 7.1350016e-07 
2.0319525e-07 6.1562828e-07 
4.6658476e-07 1.9294177e-07 
3.5098412e-07 -1.7730912e-07 
7.3727537e-08 -2.9724608e-07 
-1.3795582e-07 -1.9457082e-07 
-1.8493738e-07 -1.7463703e-08 
-1.0429102e-07 1.0026837e-07 
6.1744223e-09 1.1250485e-07 
6.9534128e-08 5.3530678e-08 
6.6928891e-08 -1.3832419e-08 
2.5849649e-08 -4.6528607e-08 
-1.4322799e-08 -3.8901216e-08 
-3.0236894e-08 -1.1316672e-08 
-2.2044982e-08 1.2093629e-08 
-4.0659643e-09 1.9156096e-08 
9.2389269e-09 1.2134651e-08 
1.1856625e-08 7.1430835e-10 
6.4470573e-09 -6.6343435e-09 
-6.3897679e-10 -7.1763723e-09 
-4.559962e-09 -3.2699079e-09 
-4.2471394e-09 1.0293686e-09 
-1.5508861e-09 3.0296302e-09 
9.9982321e-10 2.4549252e-09 
1.9569152e-09 6.5752537e-10 
1.3825456e-09 -8.2074851e-10 
2.1822901e-10 -1.2330303e-09 
-6.1678672e-10 -7.5541284e-10 
-7.592664e-10 -1.9893058e-11 
-3.9759687e-10 4.3798206e-10 
5.6423784e-11 4.5722838e-10 
2.9851408e-10 1.9906268e-10 
2.6918349e-10 -7.5009236e-11 
9.2530424e-11 -1.9698183e-10 
-6.9227914e-11 -1.5471364e-10 
-1.2648781e-10 -3.7769149e-11 
-8.657068e-11 5.5454385e-11 
-1.1267759e-11 7.9272629e-11 
4.1057608e-11 4.6935916e-11 
4.8565226e-11 -3.7804064e-13 
2.4457583e-11 -2.8853564e-11 
-4.5990688e-12 -2.909727e-11 
-1.9509391e-11 -1.2072933e-11 
-1.7039618e-11 5.3783137e-12 
