100
1 0 
0.99995 -0.01 
0.9998 -0.019999 
0.99955002 -0.029996 
0.99920008 -0.03999 
0.99875022 -0.049980002 
0.99820049 -0.059965005 
0.99755093 -0.069944012 
0.99680161 -0.079916024 
0.99595261 -0.089880044 
0.99500401 -0.099835076 
0.99395591 -0.10978012 
0.99280841 -0.11971419 
0.99156163 -0.12963629 
0.99021569 -0.13954543 
0.98877072 -0.14944061 
0.98722688 -0.15932084 
0.98558431 -0.16918515 
0.98384318 -0.17903253 
0.98200366 -0.18886201 
0.98006594 -0.1986726 
0.97803021 -0.20846333 
0.97589668 -0.21823321 
0.97366555 -0.22798126 
0.97133705 -0.23770652 
0.96891142 -0.247408 
0.9663889 -0.25708475 
0.96376973 -0.26673578 
0.96105418 -0.27636014 
0.95824253 -0.28595687 
0.95533505 -0.29552499 
0.95233203 -0.30506357 
0.94923378 -0.31457164 
0.9460406 -0.32404824 
0.94275282 -0.33349245 
0.93937075 -0.3429033 
0.93589475 -0.35227986 
0.93232516 -0.3616212 
0.92866233 -0.37092637 
0.92490663 -0.38019445 
0.92105844 -0.3894245 
0.91711815 -0.39861562 
0.91308613 -0.40776687 
0.90896281 -0.41687734 
0.90474859 -0.42594612 
0.90044389 -0.43497231 
0.89604915 -0.443955 
0.89156479 -0.4528933 
0.88699128 -0.4617863 
0.88232907 -0.47063312 
0.87757862 -0.47943288 
0.87274041 -0.4881847 
0.86781493 -0.49688769 
0.86280266 -0.505541 
0.85770411 -0.51414375 
0.85251979 -0.52269508 
0.84725021 -0.53119414 
0.84189591 -0.53964008 
0.83645741 -0.54803206 
0.83093527 -0.55636923 
0.82533003 -0.56465077 
0.81964226 -0.57287584 
0.81387252 -0.58104362 
0.80802139 -0.58915329 
0.80208945 -0.59720404 
0.79607731 -0.60519508 
0.78998555 -0.61312559 
0.7838148 -0.62099479 
0.77756566 -0.62880189 
0.77123876 -0.63654611 
0.76483474 -0.64422667 
0.75835423 -0.6518428 
0.75179788 -0.65939375 
0.74516636 -0.66687876 
0.73846031 -0.67429708 
0.73168042 -0.68164797 
0.72482735 -0.68893069 
0.71790181 -0.69614452 
0.71090446 -0.70328873 
0.70383603 -0.71036261 
0.69669721 -0.71736545 
0.68948873 -0.72429656 
0.68221129 -0.73115523 
0.67486562 -0.73794078 
0.66745247 -0.74465254 
0.65997257 -0.75128983 
0.65242668 -0.757852 
0.64481553 -0.76433837 
0.63713991 -0.77074831 
0.62940057 -0.77708117 
0.62159829 -0.78333632 
0.61373385 -0.78951314 
0.60580803 -0.795611 
0.59782163 -0.8016293 
0.58977544 -0.80756743 
0.58167028 -0.81342481 
0.57350695 -0.81920084 
0.56528626 -0.82489495 
0.55700905 -0.83050657 
0.54867613 -0.83603514 
