100
1 0 
1 -0.01 
0.9999 -0.02 
0.9997 -0.029999 
0.99940001 -0.039996 
0.99900005 -0.04999 
0.99850015 -0.059980001 
0.99790035 -0.069965002 
0.9972007 -0.079944006 
0.99640126 -0.089916013 
0.9955021 -0.099880025 
0.9945033 -0.10983505 
0.99340495 -0.11978008 
0.99220715 -0.12971413 
0.99091001 -0.1396362 
0.98951364 -0.1495453 
0.98801819 -0.15944044 
0.98642379 -0.16932062 
0.98473058 -0.17918486 
0.98293873 -0.18903216 
0.98104841 -0.19886155 
0.9790598 -0.20867203 
0.97697308 -0.21846263 
0.97478845 -0.22823236 
0.97250613 -0.23798025 
0.97012632 -0.24770531 
0.96764927 -0.25740657 
0.9650752 -0.26708306 
0.96240437 -0.27673382 
0.95963704 -0.28635786 
0.95677346 -0.29595423 
0.95381391 -0.30552196 
0.95075869 -0.3150601 
0.94760809 -0.32456769 
0.94436242 -0.33404377 
0.94102198 -0.3434874 
0.93758711 -0.35289762 
0.93405813 -0.36227349 
0.93043539 -0.37161407 
0.92671925 -0.38091842 
0.92291007 -0.39018561 
0.91900821 -0.39941472 
0.91501407 -0.4086048 
0.91092802 -0.41775494 
0.90675047 -0.42686422 
0.90248183 -0.43593172 
0.89812251 -0.44495654 
0.89367294 -0.45393777 
0.88913357 -0.4628745 
0.88450482 -0.47176583 
0.87978716 -0.48061088 
0.87498105 -0.48940875 
0.87008697 -0.49815856 
0.86510538 -0.50685943 
0.86003679 -0.51551049 
0.85488168 -0.52411085 
0.84964057 -0.53265967 
0.84431398 -0.54115608 
0.83890242 -0.54959922 
0.83340642 -0.55798824 
0.82782654 -0.5663223 
0.82216332 -0.57460057 
0.81641731 -0.5828222 
0.81058909 -0.59098638 
0.80467923 -0.59909227 
0.7986883 -0.60713906 
0.79261691 -0.61512594 
0.78646565 -0.62305211 
0.78023513 -0.63091677 
0.77392597 -0.63871912 
0.76753877 -0.64645838 
0.76107419 -0.65413377 
0.75453285 -0.66174451 
0.74791541 -0.66928984 
0.74122251 -0.67676899 
0.73445482 -0.68418122 
0.72761301 -0.69152576 
0.72069775 -0.69880189 
0.71370973 -0.70600887 
0.70664964 -0.71314597 
0.69951818 -0.72021247 
0.69231606 -0.72720765 
0.68504398 -0.73413081 
0.67770267 -0.74098125 
0.67029286 -0.74775827 
0.66281528 -0.7544612 
0.65527067 -0.76108936 
0.64765977 -0.76764206 
0.63998335 -0.77411866 
0.63224216 -0.78051849 
0.62443698 -0.78684092 
0.61656857 -0.79308528 
0.60863772 -0.79925097 
0.60064521 -0.80533735 
0.59259183 -0.8113438 
0.5844784 -0.81726972 
0.5763057 -0.8231145 
0.56807455 -0.82887756 
0.55978578 -0.8345583 
0.5514402 -0.84015616 
