100
1 0 
0.99995 -0.01 
0.99980001 -0.019998667 
0.99955004 -0.029995223 
0.99920013 -0.039988742 
0.9987503 -0.049978251 
0.99820061 -0.059962758 
0.9975511 -0.069941267 
0.99680185 -0.079912783 
0.99595292 -0.089876307 
0.99500441 -0.099830845 
0.9939564 -0.1097754 
0.99280901 -0.11970898 
0.99156234 -0.12963059 
0.99021652 -0.13953923 
0.98877169 -0.14943393 
0.98722798 -0.15931368 
0.98558557 -0.1691775 
0.9838446 -0.1790244 
0.98200525 -0.18885341 
0.98006771 -0.19866352 
0.97803218 -0.20845378 
0.97589884 -0.21822319 
0.97366793 -0.22797078 
0.97133965 -0.23769557 
0.96891425 -0.2473966 
0.96639196 -0.25707289 
0.96377304 -0.26672347 
0.96105775 -0.27634738 
0.95824637 -0.28594366 
0.95533916 -0.29551135 
0.95233643 -0.30504949 
0.94923847 -0.31455713 
0.9460456 -0.32403331 
0.94275812 -0.33347709 
0.93937638 -0.34288753 
0.93590071 -0.35226368 
0.93233146 -0.3616046 
0.92866898 -0.37090937 
0.92491364 -0.38017705 
0.92106581 -0.38940672 
0.91712589 -0.39859745 
0.91309426 -0.40774832 
0.90897132 -0.41685842 
0.9047575 -0.42592683 
0.90045321 -0.43495266 
0.89605888 -0.44393499 
0.89157495 -0.45287294 
0.88700187 -0.4617656 
0.88234009 -0.47061209 
0.87759009 -0.47941152 
0.87275234 -0.48816301 
0.86782731 -0.49686569 
0.86281552 -0.50551869 
0.85771744 -0.51412113 
0.8525336 -0.52267217 
0.84726452 -0.53117095 
0.84191071 -0.53961661 
0.83647272 -0.54800832 
0.83095109 -0.55634523 
0.82534637 -0.56462651 
0.81965912 -0.57285133 
0.81388991 -0.58101887 
0.80803932 -0.58912831 
0.80210793 -0.59717884 
0.79609633 -0.60516966 
0.79000514 -0.61309997 
0.78383494 -0.62096897 
0.77758637 -0.62877588 
0.77126005 -0.63651992 
0.76485661 -0.64420031 
0.75837669 -0.65181629 
0.75182093 -0.65936708 
0.74519 -0.66685195 
0.73848455 -0.67427013 
0.73170527 -0.6816209 
0.72485281 -0.6889035 
0.71792788 -0.69611723 
0.71093116 -0.70326134 
0.70386335 -0.71033514 
0.69672517 -0.7173379 
0.68951731 -0.72426894 
0.68224051 -0.73112755 
0.67489549 -0.73791306 
0.66748298 -0.74462479 
0.66000373 -0.75126205 
0.65245849 -0.7578242 
0.644848 -0.76431056 
0.63717304 -0.77072051 
0.62943436 -0.77705338 
0.62163274 -0.78330856 
0.61376897 -0.78948541 
0.60584382 -0.79558332 
0.5978581 -0.80160168 
0.58981259 -0.80753988 
0.5817081 -0.81339734 
0.57354545 -0.81917346 
0.56532545 -0.82486767 
0.55704892 -0.8304794 
0.54871669 -0.83600809 
