1 0 
0.99995 -0.0099998333 
0.99980001 -0.019998667 
0.99955003 -0.0299955 
0.99920011 -0.039989334 
0.99875026 -0.049979169 
0.99820054 -0.059964007 
0.997551 -0.069942847 
0.99680171 -0.079914694 
0.99595273 -0.089878549 
0.99500417 -0.099833417 
0.9939561 -0.1097783 
0.99280864 -0.11971221 
0.99156189 -0.12963414 
0.990216 -0.13954311 
0.98877108 -0.14943813 
0.98722728 -0.15931821 
0.98558477 -0.16918235 
0.98384369 -0.17902957 
0.98200424 -0.1888589 
0.98006658 -0.19866933 
0.97803091 -0.2084599 
0.97589745 -0.21822962 
0.97366639 -0.22797752 
0.97133797 -0.23770263 
0.96891242 -0.24740396 
0.96638998 -0.25708055 
0.9637709 -0.26673144 
0.96105544 -0.27635565 
0.95824388 -0.28595223 
0.95533649 -0.29552021 
0.95233357 -0.30505864 
0.94923542 -0.31456656 
0.94604234 -0.32404303 
0.94275467 -0.33348709 
0.93937271 -0.34289781 
0.93589682 -0.35227423 
0.93232735 -0.36161543 
0.92866464 -0.37092047 
0.92490906 -0.38018842 
0.92106099 -0.38941834 
0.91712082 -0.39860933 
0.91308894 -0.40776045 
0.90896575 -0.4168708 
0.90475166 -0.42593947 
0.9004471 -0.43496553 
0.8960525 -0.44394811 
0.89156829 -0.45288629 
0.88699492 -0.46177918 
0.88233286 -0.47062589 
0.87758256 -0.47942554 
0.87274451 -0.48817725 
0.86781918 -0.49688014 
0.86280707 -0.50553334 
0.85770868 -0.51413599 
0.85252452 -0.52268723 
0.84725511 -0.5311862 
0.84190097 -0.53963205 
0.83646265 -0.54802394 
0.83094068 -0.55636102 
0.82533561 -0.56464247 
0.81964802 -0.57286746 
0.81387846 -0.58103516 
0.80802751 -0.58914476 
0.80209576 -0.59719544 
0.7960838 -0.60518641 
0.78999223 -0.61311685 
0.78382167 -0.62098599 
0.77757272 -0.62879303 
0.77124601 -0.63653718 
0.76484219 -0.64421769 
0.75836188 -0.65183377 
0.75180573 -0.65938467 
0.7451744 -0.66686964 
0.73846856 -0.67428791 
0.73168887 -0.68163876 
0.72483601 -0.68892145 
0.71791067 -0.69613524 
0.71091354 -0.70327942 
0.70384531 -0.71035327 
0.69670671 -0.71735609 
0.68949843 -0.72428718 
0.68222121 -0.73114583 
0.67487576 -0.73793137 
0.66746282 -0.74464312 
0.65998314 -0.75128041 
0.65243747 -0.75784256 
0.64482655 -0.76432894 
0.63715114 -0.77073888 
0.62941203 -0.77707175 
0.62160997 -0.78332691 
0.61374575 -0.78950374 
0.60582016 -0.79560162 
0.59783398 -0.80161994 
0.58978802 -0.8075581 
0.58168309 -0.81341551 
0.57351998 -0.81919157 
0.56529953 -0.82488571 
0.55702255 -0.83049737 
0.54868986 -0.83602598 
