1 0 
0.99990001 -0.0099990001 
0.99970005 -0.019996001 
0.99940015 -0.029990002 
0.99900035 -0.039980006 
0.9985007 -0.049965013 
0.99790126 -0.059944025 
0.9972021 -0.069916046 
0.9964033 -0.079880079 
0.99550495 -0.089835129 
0.99450714 -0.0997802 
0.99341 -0.1097143 
0.99221364 -0.11963644 
0.99091818 -0.12954562 
0.98952377 -0.13944086 
0.98803056 -0.14932116 
0.98643871 -0.15918555 
0.98474838 -0.16903303 
0.98295975 -0.17886263 
0.98107302 -0.18867336 
0.97908837 -0.19846424 
0.97700603 -0.2082343 
0.9748262 -0.21798257 
0.97254912 -0.22770806 
0.97017503 -0.23740981 
0.96770416 -0.24708685 
0.96513678 -0.25673822 
0.96247315 -0.26636295 
0.95971354 -0.27596008 
0.95685826 -0.28552867 
0.95390758 -0.29506774 
0.95086182 -0.30457636 
0.94772128 -0.31405357 
0.9444863 -0.32349844 
0.9411572 -0.33291001 
0.93773432 -0.34228735 
0.93421803 -0.35162953 
0.93060867 -0.36093562 
0.92690663 -0.37020468 
0.92311227 -0.37943581 
0.91922599 -0.38862807 
0.91524818 -0.39778055 
0.91117926 -0.40689234 
0.90701963 -0.41596254 
0.90276973 -0.42499024 
0.89842998 -0.43397454 
0.89400084 -0.44291454 
0.88948275 -0.45180937 
0.88487616 -0.46065813 
0.88018156 -0.46945995 
0.87539942 -0.47821394 
0.87053023 -0.48691924 
0.86557448 -0.49557499 
0.86053268 -0.50418032 
0.85540534 -0.51273437 
0.85019297 -0.5212363 
0.84489612 -0.52968526 
0.83951532 -0.53808041 
0.83405111 -0.54642092 
0.82850405 -0.55470597 
0.8228747 -0.56293471 
0.81716364 -0.57110635 
0.81137144 -0.57922006 
0.80549869 -0.58727505 
0.79954598 -0.59527051 
0.79351392 -0.60320565 
0.78740313 -0.61107968 
0.78121421 -0.61889182 
0.7749478 -0.6266413 
0.76860452 -0.63432735 
0.76218503 -0.6419492 
0.75568997 -0.6495061 
0.74912 -0.6569973 
0.74247578 -0.66442205 
0.73575798 -0.67177963 
0.72896729 -0.67906931 
0.72210438 -0.68629035 
0.71516996 -0.69344205 
0.70816473 -0.7005237 
0.70108938 -0.70753459 
0.69394464 -0.71447404 
0.68673123 -0.72134135 
0.67944987 -0.72813585 
0.6721013 -0.73485686 
0.66468626 -0.74150372 
0.6572055 -0.74807578 
0.64965978 -0.75457238 
0.64204985 -0.76099287 
0.63437648 -0.76733664 
0.62664045 -0.77360304 
0.61884254 -0.77979147 
0.61098353 -0.7859013 
0.60306421 -0.79193195 
0.59508538 -0.7978828 
0.58704785 -0.80375328 
0.57895242 -0.8095428 
0.57079991 -0.8152508 
0.56259114 -0.82087671 
0.55432694 -0.82641998 
0.54600814 -0.83188006 
