121
1 0.134127
2 0.0904013
3 0.0907403
4 0.0907392
5 0.0903913
6 0.0896908
7 0.0886336
8 0.0872167
9 0.0854388
10 0.0832998
11 0
12 0.539818
13 0.357135
14 0.351613
15 0.342779
16 0.330732
17 0.315614
18 0.297608
19 0.276937
20 0.253862
21 0.228675
22 0.152946
23 1.53104
24 1.15183
25 1.10891
26 1.04263
27 0.954689
28 0.847336
29 0.723318
30 0.585793
31 0.438235
32 0.284337
33 0.371701
34 3.04008
35 2.43454
36 2.26581
37 2.00658
38 1.66877
39 1.26776
40 0.821662
41 0.350377
42 -0.125371
43 -0.58505
44 -0.123819
45 5.04031
46 4.14638
47 3.67688
48 2.96405
49 2.06025
50 1.03109
51 -0.0496845
52 -1.10577
53 -2.06412
54 -2.86033
55 -2.1142
56 7.50204
57 6.21586
58 5.16243
59 3.59499
60 1.68307
61 -0.369187
62 -2.34584
63 -4.04296
64 -5.29062
65 -5.97071
66 -5.32605
67 10.3927
68 8.5609
69 6.52
70 3.56768
71 0.147113
72 -3.2354
73 -6.08783
74 -8.00639
75 -8.7345
76 -8.19799
77 -8.03877
78 13.6773
79 11.091
80 7.53679
81 2.57839
82 -2.79698
83 -7.53539
84 -10.7279
85 -11.7891
86 -10.5668
87 -7.36123
88 -7.68342
89 17.3183
90 13.7097
91 8.00278
92 0.389151
93 -7.19035
94 -12.8367
95 -15.1776
96 -13.7066
97 -8.89169
98 -2.03048
99 -2.28719
100 21.2761
101 16.317
102 7.7236
103 -3.13954
104 -12.8259
105 -18.3241
106 -18.0083
107 -12.1232
108 -2.65993
109 7.32444
110 7.9383
111 24.1955
112 19.591
113 9.55219
114 -3.8272
115 -15.7032
116 -21.8083
117 -20.0021
118 -11.0361
119 1.74576
120 13.654
121 18.0608
