121
1 0.14903
2 0.396246
3 0.691394
4 0.984103
5 1.27334
6 1.55809
7 1.83734
8 2.1101
9 2.37542
10 2.63236
11 2.80729
12 0.308011
13 0.71233
14 1.30648
15 1.88005
16 2.4245
17 2.93171
18 3.39412
19 3.80484
20 4.15778
21 4.44767
22 3.98073
23 0.511899
24 1.31638
25 2.46997
26 3.52467
27 4.44036
28 5.18177
29 5.71974
30 6.03223
31 6.10502
32 5.93227
33 5.95013
34 0.709809
35 1.89268
36 3.52074
37 4.86672
38 5.82406
39 6.31163
40 6.27902
41 5.70986
42 4.62306
43 3.07181
44 2.95842
45 0.90022
46 2.43279
47 4.41967
48 5.80297
49 6.38301
50 6.04643
51 4.77874
52 2.66711
53 -0.107135
54 -3.28546
55 -4.06157
56 1.08166
57 2.929
58 5.13396
59 6.2595
60 6.01872
61 4.34572
62 1.40993
63 -2.40441
64 -6.55086
65 -10.3983
66 -11.6506
67 1.25269
68 3.3745
69 5.63819
70 6.19598
71 4.736
72 1.40922
73 -3.18926
74 -8.13128
75 -12.3379
76 -14.7981
77 -15.472
78 1.41198
79 3.76345
80 5.91504
81 5.60764
82 2.64149
83 -2.3536
84 -8.06364
85 -12.8288
86 -15.0884
87 -13.8185
88 -12.5061
89 1.55821
90 4.09108
91 5.95573
92 4.525
93 -0.0681437
94 -6.38493
95 -12.1371
96 -14.9625
97 -13.2669
98 -6.84934
99 -2.74941
100 1.69018
101 4.35374
102 5.76017
103 3.01125
104 -3.12697
105 -10.0618
106 -14.4346
107 -13.5795
108 -6.77923
109 4.21753
110 10.4248
111 0
112 3.39097
113 6.17711
114 4.41309
115 -1.79915
116 -9.82973
117 -15.5935
118 -15.4086
119 -7.84414
120 5.27762
121 17.1282
