200
1 4.59111
2 4.6839
3 4.77822
4 4.87393
5 4.97087
6 5.06888
7 5.16779
8 5.26739
9 5.36749
10 5.46788
11 4.58607
12 4.72033
13 4.8578
14 4.9982
15 5.14123
16 5.28657
17 5.43386
18 5.58275
19 5.73283
20 5.8837
21 4.80672
22 5.11697
23 5.43266
24 5.75069
25 6.06784
26 6.38078
27 6.68619
28 6.98072
29 7.26111
30 7.52423
31 4.76001
32 5.1987
33 5.64618
34 6.0968
35 6.54467
36 6.98369
37 7.40769
38 7.81051
39 8.18612
40 8.52871
41 5.20066
42 5.99335
43 6.78256
44 7.54849
45 8.27139
46 8.93218
47 9.51304
48 9.99801
49 10.3735
50 10.629
51 5.02337
52 6.03128
53 7.03689
54 8.00913
55 8.91687
56 9.72998
57 10.4205
58 10.9635
59 11.3385
60 11.5298
61 5.77528
62 7.30245
63 8.76477
64 10.0912
65 11.2154
66 12.0793
67 12.6366
68 12.8556
69 12.7208
70 12.2344
71 5.37697
72 7.21147
73 8.97848
74 10.5768
75 11.9113
76 12.8992
77 13.4752
78 13.5963
79 13.2447
80 12.4304
81 6.53142
82 9.02134
83 11.2742
84 13.1087
85 14.3719
86 14.9523
87 14.791
88 13.8872
89 12.2997
90 10.1436
91 5.82084
92 8.72548
93 11.3907
94 13.5719
95 15.06
96 15.7022
97 15.4185
98 14.2114
99 12.1682
100 9.45554
101 7.46838
102 11.1151
103 14.1682
104 16.2591
105 17.1218
106 16.6285
107 14.8079
108 11.8463
109 8.06789
110 3.89871
111 6.35428
112 10.5524
113 14.1676
114 16.7137
115 17.8288
116 17.3282
117 15.2346
118 11.7821
119 7.39111
120 2.61701
121 8.58391
122 13.5372
123 17.273
124 19.1576
125 18.8412
126 16.3243
127 11.9663
128 6.43432
129 0.599112
130 -4.60456
131 6.97577
132 12.6647
133 17.1812
134 19.6886
135 19.6831
136 17.0968
137 12.3243
138 6.16437
139 -0.313023
140 -5.95421
141 9.87413
142 16.2306
143 20.3918
144 21.4107
145 18.9918
146 13.574
147 6.25216
148 -1.44598
149 -7.88384
150 -11.6688
151 7.68301
152 15.0285
153 20.2873
154 22.1746
155 20.1554
156 14.5956
157 6.7034
158 -1.73252
159 -8.75051
160 -12.6758
161 11.3336
162 19.1286
163 23.3145
164 22.6525
165 17.2061
166 8.35746
167 -1.54499
168 -9.8166
169 -14.1722
170 -13.3631
171 8.47289
172 17.6042
173 23.3306
174 23.8658
175 18.9084
176 9.77836
177 -0.929152
178 -10.0838
179 -14.9409
180 -13.9698
181 12.9552
182 22.1565
183 25.828
184 22.5798
185 13.3532
186 1.15441
187 -9.93164
188 -16.1209
189 -15.2314
190 -7.45231
191 9.34149
192 20.3475
193 26.1518
194 24.4972
195 15.7851
196 3.00824
197 -9.27595
198 -16.5778
199 -16.1256
200 -7.92158
