81
-1 -2
-0.266534 -1.7525
-0.207321 -1.82282
-0.173287 -1.88953
-0.145204 -1.94566
-0.121682 -1.9927
-0.101971 -2.03213
-0.0854524 -2.06516
-0.07161 -2.09285
-0.06001 -2.11605
-0.050289 -2.13549
-0.0421427 -2.15178
-0.035316 -2.16544
-0.0295952 -2.17688
-0.0248011 -2.18647
-0.0207836 -2.1945
-0.0174169 -2.20123
-0.0145955 -2.20688
-0.0122312 -2.21161
-0.0102499 -2.21557
-0.0085895 -2.21889
-0.00719809 -2.22167
-0.00603208 -2.224
-0.00505495 -2.22596
-0.0042361 -2.2276
-0.00354989 -2.22897
-0.00297485 -2.23012
-0.00249295 -2.23108
-0.00208912 -2.23189
-0.00175071 -2.23257
-0.00146711 -2.23313
-0.00122945 -2.23361
-0.0010303 -2.23401
-0.000863399 -2.23434
-0.000723537 -2.23462
-0.000606332 -2.23486
-0.000508113 -2.23505
-0.000425804 -2.23522
-0.000356828 -2.23535
-0.000299026 -2.23547
-0.000250587 -2.23557
-0.000209994 -2.23565
-0.000175977 -2.23572
-0.000147471 -2.23577
-0.000123582 -2.23582
-0.000103563 -2.23586
-8.67871e-05 -2.23589
-7.27285e-05 -2.23592
-6.09472e-05 -2.23595
-5.10744e-05 -2.23597
-4.28009e-05 -2.23598
-3.58676e-05 -2.236
-3.00574e-05 -2.23601
-2.51885e-05 -2.23602
-2.11082e-05 -2.23603
-1.76889e-05 -2.23603
-1.48235e-05 -2.23604
-1.24222e-05 -2.23604
-1.041e-05 -2.23605
-8.72365e-06 -2.23605
-7.31051e-06 -2.23605
-6.12629e-06 -2.23606
-5.13389e-06 -2.23606
-4.30226e-06 -2.23606
-3.60534e-06 -2.23606
-3.02131e-06 -2.23606
-2.53189e-06 -2.23606
-2.12175e-06 -2.23606
-1.77805e-06 -2.23606
-1.49002e-06 -2.23606
-1.24866e-06 -2.23607
-1.04639e-06 -2.23607
-8.76884e-07 -2.23607
-7.34838e-07 -2.23607
-6.15802e-07 -2.23607
-5.16048e-07 -2.23607
-4.32454e-07 -2.23607
-3.62401e-07 -2.23607
-3.03696e-07 -2.23607
-2.545e-07 -2.23607
-2.13274e-07 -2.23607

