81
9.55739
1.13495
0.924711
0.774892
0.649368
0.544177
0.456026
0.382155
0.32025
0.268373
0.224899
0.188468
0.157938
0.132354
0.110914
0.092947
0.0778906
0.0652731
0.0546996
0.0458388
0.0384134
0.0321908
0.0269763
0.0226064
0.0189444
0.0158756
0.0133039
0.0111488
0.00934284
0.0078294
0.00656112
0.00549829
0.00460762
0.00386124
0.00323576
0.0027116
0.00227235
0.00190425
0.00159578
0.00133728
0.00112066
0.000939123
0.000786995
0.00065951
0.000552676
0.000463149
0.000388124
0.000325252
0.000272564
0.000228412
0.000191411
0.000160405
0.000134421
0.000112646
9.43987e-05
7.91071e-05
6.62926e-05
5.55539e-05
4.65547e-05
3.90134e-05
3.26936e-05
2.73976e-05
2.29595e-05
1.92403e-05
1.61236e-05
1.35117e-05
1.1323e-05
9.48876e-06
7.95168e-06
6.66359e-06
5.58416e-06
4.67959e-06
3.92154e-06
3.28629e-06
2.75395e-06
2.30784e-06
1.93399e-06
1.62071e-06
1.35817e-06
1.13816e-06
9.5379e-07

