200
1 0
2 0
3 0
4 0
5 0
6 0
7 0
8 0
9 0
10 0
11 0.268402
12 0.270417
13 0.271439
14 0.271445
15 0.270412
16 0.268324
17 0.265169
18 0.260937
19 0.255625
20 0.249232
21 0.25929
22 0.255281
23 0.250607
24 0.245394
25 0.239767
26 0.233843
27 0.22773
28 0.221529
29 0.215326
30 0.209195
31 1.08941
32 1.079
33 1.05195
34 1.0084
35 0.94871
36 0.87352
37 0.783721
38 0.680449
39 0.565073
40 0.439178
41 1.05941
42 1.03836
43 1.00326
44 0.955234
45 0.895488
46 0.825302
47 0.745982
48 0.658822
49 0.565081
50 0.465957
51 2.44053
52 2.36564
53 2.2077
54 1.97102
55 1.66277
56 1.29271
57 0.872964
58 0.417586
59 -0.0578722
60 -0.536892
61 2.37876
62 2.29214
63 2.1318
64 1.90462
65 1.61931
66 1.28596
67 0.915646
68 0.520054
69 0.111103
70 -0.299376
71 4.2959
72 4.04365
73 3.53797
74 2.8073
75 1.89453
76 0.854549
77 -0.248994
78 -1.34753
79 -2.37179
80 -3.25615
81 4.19243
82 3.93396
83 3.44532
84 2.75853
85 1.91604
86 0.96792
87 -0.0311342
88 -1.02495
89 -1.95884
90 -2.78232
91 6.62641
92 6.0029
93 4.79094
94 3.1024
95 1.09709
96 -1.03222
97 -3.07808
98 -4.83847
99 -6.13667
100 -6.83899
101 6.47248
102 5.85854
103 4.70288
104 3.11776
105 1.2523
106 -0.721833
107 -2.62608
108 -4.29068
109 -5.56899
110 -6.34942
111 9.40004
112 8.11349
113 5.68255
114 2.43709
115 -1.17496
116 -4.64883
117 -7.49313
118 -9.29921
119 -9.79981
120 -8.90888
121 9.18812
122 7.94142
123 5.63114
124 2.57375
125 -0.820015
126 -4.10039
127 -6.83733
128 -8.67522
129 -9.37685
130 -8.85184
131 12.582
132 10.2299
133 5.9178
134 0.449202
135 -5.14338
136 -9.7924
137 -12.5985
138 -13.0046
139 -10.9069
140 -6.68104
141 12.306
142 10.0429
143 5.9444
144 0.766885
145 -4.54604
146 -9.03467
147 -11.8938
148 -12.6131
149 -11.0637
150 -7.51785
151 16.1352
152 12.1955
153 5.21291
154 -3.108
155 -10.7133
156 -15.7051
157 -16.8151
158 -13.7273
159 -7.16922
160 1.25588
161 15.7902
162 12.0121
163 5.36557
164 -2.55757
165 -9.87538
166 -14.8598
167 -16.3382
168 -13.9614
169 -8.27928
170 -0.610451
171 20.0201
172 13.8473
173 3.31751
174 -8.31676
175 -17.4261
176 -21.1342
177 -18.2265
178 -9.55133
179 2.22136
180 13.4147
181 19.603
182 13.6917
183 3.64719
184 -7.50162
185 -16.4111
186 -20.4183
187 -18.324
188 -10.7397
189 0.0990251
190 10.9902
191 24.1955
192 15.0206
193 0.0353351
194 -15.0603
195 -24.4697
196 -24.523
197 -15.1118
198 0.227309
199 15.6304
200 25.138
