121
1 10
2 10
3 10
4 10
5 10
6 10
7 10
8 10
9 10
10 10
11 10
12 10
13 10.2711
14 10.5472
15 10.8272
16 11.1102
17 11.395
18 11.6805
19 11.9657
20 12.2493
21 12.5302
22 12.8073
23 10
24 11.1112
25 12.23
26 13.3391
27 14.4211
28 15.4584
29 16.434
30 17.3314
31 18.1351
32 18.8307
33 19.4052
34 10
35 12.5138
36 14.9958
37 17.3585
38 19.5164
39 21.3895
40 22.9063
41 24.0061
42 24.6417
43 24.7814
44 24.4102
45 10
46 14.4677
47 18.7572
48 22.5972
49 25.7385
50 27.9703
51 29.1344
52 29.1355
53 27.9495
54 25.6256
55 22.2852
56 10
57 16.9577
58 23.3943
59 28.6716
60 32.2507
61 33.7467
62 32.9696
63 29.947
64 24.9259
65 18.3531
66 10.836
67 10
68 19.964
69 28.7572
70 35.1231
71 38.1179
72 37.2499
73 32.5581
74 24.6178
75 14.4712
76 3.49135
77 -6.80419
78 10
79 23.4628
80 34.67
81 41.443
82 42.3983
83 37.2289
84 26.7856
85 12.9394
86 -1.75253
87 -14.5194
88 -22.8991
89 10
90 27.426
91 40.9349
92 47.1005
93 44.2386
94 32.8613
95 15.5981
96 -3.41045
97 -19.5051
98 -28.6502
99 -28.4449
100 10
101 31.8219
102 47.3365
103 51.5724
104 42.964
105 23.9143
106 0.13053
107 -21.0839
108 -33.0727
109 -31.9137
110 -17.6981
111 10
112 36.6151
113 53.6479
114 54.3727
115 38.1561
116 10.8321
117 -17.3911
118 -35.7448
119 -37.0078
120 -20.3435
121 8.24844
