200
1 0.297897
2 0.594735
3 0.889461
4 1.18103
5 1.4684
6 1.75055
7 2.02648
8 2.29521
9 2.55579
10 2.80729
11 0
12 0.294925
13 0.588835
14 0.880705
15 1.16952
16 1.45427
17 1.73398
18 2.00765
19 2.27435
20 2.53314
21 0.920346
22 1.82362
23 2.6929
24 3.51178
25 4.26464
26 4.93691
27 5.51527
28 5.98787
29 6.34455
30 6.57695
31 0
32 0.911338
33 1.8063
34 2.66846
35 3.48185
36 4.23129
37 4.90254
38 5.4826
39 5.95983
40 6.3242
41 1.52963
42 2.98375
43 4.28955
44 5.37993
45 6.19621
46 6.69041
47 6.82724
48 6.58557
49 5.95945
50 4.95846
51 0
52 1.51528
53 2.95833
54 4.25833
55 5.34982
56 6.1753
57 6.68743
58 6.85093
59 6.64408
60 6.05963
61 2.12109
62 4.03868
63 5.56425
64 6.5382
65 6.84194
66 6.4072
67 5.22203
68 3.33286
69 0.842611
70 -2.09512
71 0
72 2.1028
73 4.0116
74 5.54246
75 6.53863
76 6.88219
77 6.50313
78 5.38535
79 3.56893
80 1.14873
81 2.69019
82 4.95475
83 6.42045
84 6.81047
85 5.9795
86 3.93452
87 0.838769
88 -3.0017
89 -7.16786
90 -11.1709
91 0
92 2.6703
93 4.93612
94 6.43151
95 6.88117
96 6.13467
97 4.18739
98 1.18569
99 -2.58442
100 -6.72421
101 3.23251
102 5.7019
103 6.78536
104 6.10903
105 3.62171
106 -0.383504
107 -5.30451
108 -10.3177
109 -14.5056
110 -17.0052
111 0
112 3.21448
113 5.70572
114 6.85845
115 6.29169
116 3.9323
117 0.0397024
118 -4.82294
119 -9.86801
120 -14.202
121 3.74379
122 6.25435
123 6.61396
124 4.44411
125 0.0210806
126 -5.75674
127 -11.5461
128 -15.8467
129 -17.3402
130 -15.2097
131 0
132 3.73234
133 6.29835
134 6.78112
135 4.7725
136 0.493311
137 -5.2256
138 -11.101
139 -15.6645
140 -17.5853
141 4.21997
142 6.59127
143 5.89163
144 1.92511
145 -4.35826
146 -11.089
147 -15.9972
148 -17.0852
149 -13.2678
150 -4.79401
151 0
152 4.22118
153 6.69627
154 6.18364
155 2.41362
156 -3.77093
157 -10.6027
158 -15.8649
159 -17.5296
160 -14.3877
161 4.65718
162 6.6972
163 4.63538
164 -1.24707
165 -8.89818
166 -15.1833
167 -17.0411
168 -12.7047
169 -2.54378
170 10.8078
171 0
172 4.67853
173 6.88622
174 5.07674
175 -0.614367
176 -8.30561
177 -14.9729
178 -17.5308
179 -14.0258
180 -4.51595
181 5.05179
182 6.56255
183 2.89347
184 -4.79559
185 -12.9069
186 -16.9756
187 -13.7919
188 -3.13878
189 11.678
190 24.8476
191 0
192 5.10214
193 6.85943
194 3.49694
195 -4.07355
196 -12.48
197 -17.3072
198 -15.1307
199 -5.29144
200 9.40176
