121
1 4.58859
2 4.66536
3 4.77359
4 4.88378
5 4.99572
6 5.10919
7 5.22397
8 5.33981
9 5.45644
10 5.57361
11 5.46788
12 4.71806
13 4.8386
14 5.07914
15 5.32275
16 5.56728
17 5.81047
18 6.05002
19 6.28365
20 6.50907
21 6.72408
22 6.29576
23 4.99552
24 5.33598
25 5.96833
26 6.59339
27 7.19689
28 7.76474
29 8.28348
30 8.7407
31 9.1254
32 9.42843
33 8.89923
34 5.39319
35 6.09802
36 7.36074
37 8.55482
38 9.62768
39 10.5312
40 11.2241
41 11.6745
42 11.8613
43 11.7757
44 11.4666
45 5.91166
46 7.11809
47 9.20994
48 11.0604
49 12.5341
50 13.5207
51 13.9441
52 13.7693
53 13.0055
54 11.706
55 11.5983
56 6.55045
57 8.38449
58 11.4488
59 13.913
60 15.5049
61 16.0425
62 15.4563
63 13.7992
64 11.2425
65 8.05717
66 7.82074
67 7.30807
68 9.88065
69 13.9919
70 16.8783
71 18.0893
72 17.421
73 14.9525
74 11.038
75 6.25432
76 1.31343
77 0.621414
78 8.18194
79 11.5854
80 16.7389
81 19.7012
82 19.8482
83 17.1141
84 12.014
85 5.546
86 -1.01006
87 -6.35297
88 -7.42174
89 9.16844
90 13.4732
91 19.578
92 22.1236
93 20.406
94 14.8147
95 6.74556
96 -1.75367
97 -8.51541
98 -11.8184
99 -12.5714
100 10.2628
101 15.515
102 22.3908
103 23.9032
104 19.4969
105 10.5188
106 -0.198048
107 -9.2436
108 -13.7369
109 -12.261
110 -11.5827
111 9.34149
112 14.2349
113 22.8959
114 25.4892
115 20.9378
116 10.6915
117 -1.7277
118 -11.9425
119 -16.2743
120 -13.0775
121 -7.68684
