10
1.91846 1.25043 8.82752 7.04141 6.19818 5.70567 8.48817 8.00218 5.88345 6.16295 
5.80926 6.43084 7.41684 7.86822 3.84914 8.0475 0.842083 8.7641 7.54513 4.51968 
5.54863 2.6439 3.74083 6.92906 4.493 7.44027 3.42448 4.14064 3.37188 3.41235 
6.99389 7.24724 8.7446 8.81306 0.464227 2.64136 9.46762 7.35472 7.69082 8.4958 
1.62173 6.15724 9.50777 5.15801 2.59272 2.43754 3.92598 5.5874 0.680028 7.09581 
5.29885 3.88324 3.2236 4.1274 3.93952 2.12095 7.75991 9.3524 7.82454 7.06948 
2.06825 0.104262 2.69198 5.52809 6.24191 4.06528 6.98218 3.98241 5.18616 8.05735 
3.53773 5.40173 9.0347 4.62144 6.48583 5.92968 3.61819 6.39372 5.82438 2.33338 
7.14865 4.45431 9.99671 7.37779 3.67607 2.92392 6.27309 4.33097 9.53907 6.87646 
1.36646 5.91291 6.34994 2.10257 6.40659 6.02721 0.598653 0.17506 6.74895 3.88358 
